1000
34 38 11
51 39 32
59 98 12
80 46 30
41 31 52
91 10 23
16 43 68
99 3 95
33 84 61
61 11 61
34 78 21
61 58 61
23 35 44
98 39 27
28 44 77
77 67 94
36 60 91
57 58 89
33 24 78
55 55 17
36 4 21
91 59 33
38 8 35
96 74 56
19 90 69
25 12 74
24 24 77
67 54 42
42 7 15
6 56 93
27 81 7
37 87 64
49 42 78
73 79 96
75 40 70
78 31 43
23 89 93
7 13 96
16 35 59
84 90 42
78 23 25
38 18 100
12 24 3
81 16 88
8 78 93
40 5 31
96 46 59
6 90 18
52 22 97
96 33 27
25 24 95
16 86 48
50 66 61
74 9 58
95 11 94
1 73 59
48 16 37
7 79 5
57 85 91
41 5 75
91 24 30
31 83 25
100 87 47
80 33 25
18 69 54
17 52 13
90 47 68
25 25 97
29 81 85
21 61 42
64 96 55
59 60 85
23 7 57
2 20 12
82 32 14
42 93 63
7 95 21
29 42 62
65 89 98
89 84 47
13 21 19
51 32 31
20 60 75
88 98 52
2 67 55
57 98 14
37 65 24
82 56 91
20 62 88
56 43 8
85 33 65
72 17 12
84 90 1
17 89 70
83 41 63
6 90 7
100 47 93
53 77 48
100 97 2
9 77 77
74 77 38
93 5 46
65 77 35
4 99 54
67 67 62
55 58 79
1 28 70
90 98 72
5 77 3
67 95 83
81 8 37
99 92 73
3 82 67
88 45 37
7 55 65
98 57 37
19 61 77
55 4 97
93 6 84
39 43 22
54 28 31
49 86 5
50 22 62
75 52 73
4 45 66
10 86 69
29 25 59
1 90 31
68 88 5
27 65 77
98 80 87
67 43 16
68 6 13
53 97 9
17 2 33
18 61 15
35 43 32
33 6 28
55 77 36
46 13 17
61 38 36
5 34 58
65 88 97
20 24 95
43 48 99
24 26 19
60 83 20
33 60 68
44 33 42
3 75 98
4 25 17
3 38 18
38 15 17
57 28 81
86 15 32
60 57 42
54 53 91
16 74 2
29 72 80
47 66 68
39 72 57
37 21 1
5 95 26
5 100 52
100 23 20
59 8 29
81 64 70
85 86 56
39 62 19
54 31 99
93 68 55
32 74 85
37 54 52
44 88 41
70 15 34
69 96 28
100 91 18
22 45 39
51 61 55
97 10 91
14 10 10
75 46 17
13 35 36
64 20 30
61 6 25
19 67 40
37 2 41
93 8 68
31 43 35
26 92 27
16 11 38
91 2 11
97 7 12
49 48 55
100 91 95
20 11 46
86 25 64
49 11 58
2 36 39
52 27 3
97 16 13
41 97 68
0 92 67
89 37 94
84 38 75
20 46 63
99 41 62
37 43 86
39 85 37
78 28 94
8 61 3
82 77 39
81 53 85
99 10 38
48 77 79
75 56 53
61 30 32
52 79 95
10 22 75
91 63 31
47 74 14
100 39 9
28 75 45
71 86 34
93 81 97
82 2 69
0 55 55
40 29 7
45 39 23
70 72 24
32 38 20
69 26 21
47 2 34
28 12 87
83 53 23
61 87 41
66 22 24
20 14 88
48 19 14
50 27 13
19 57 99
73 81 29
71 76 48
97 10 17
76 5 76
55 71 46
8 59 6
31 37 19
4 11 83
18 57 73
75 18 15
95 33 26
70 100 38
95 82 27
77 83 32
83 98 82
28 11 21
85 74 65
50 82 26
82 93 96
26 63 84
39 39 55
34 16 89
24 98 37
49 37 81
61 89 91
97 88 98
60 68 69
38 13 25
91 86 32
79 37 2
33 69 55
91 83 54
39 68 89
38 27 52
20 28 98
75 97 59
8 58 1
82 28 71
25 69 7
95 11 94
9 78 90
28 88 81
5 77 17
77 91 2
18 82 44
27 23 13
12 33 57
89 48 41
19 25 7
51 36 99
53 76 77
74 83 52
35 22 38
1 69 27
42 93 80
59 89 41
91 86 25
36 65 62
98 55 70
43 99 74
43 9 84
24 100 35
80 25 64
11 5 82
100 27 67
48 48 69
69 77 100
76 87 22
53 48 96
6 36 66
10 37 85
13 9 61
34 78 66
88 5 55
58 91 89
7 55 85
19 80 12
42 33 100
56 80 4
44 52 32
17 32 44
65 46 89
53 92 12
5 97 10
23 66 83
34 14 7
99 8 47
2 59 23
74 32 14
24 81 77
52 44 12
25 60 20
79 31 94
13 68 39
10 67 92
69 3 81
85 73 67
84 53 47
100 1 1
32 46 61
75 37 68
40 67 34
57 66 7
2 9 3
97 69 86
55 3 20
46 60 37
14 63 94
16 20 13
100 66 7
53 89 74
41 88 72
84 71 12
15 72 4
16 96 54
15 90 92
52 68 7
24 57 38
84 79 64
55 94 47
3 66 73
19 77 72
13 17 1
5 36 8
16 93 89
16 39 79
6 53 79
87 28 17
72 69 8
48 100 27
47 92 81
22 95 30
47 71 80
15 29 66
50 95 41
78 53 78
64 81 11
47 88 70
90 24 63
100 45 18
14 46 40
41 9 44
41 98 74
2 72 59
50 22 39
14 72 37
25 23 43
81 45 30
23 7 39
46 59 25
29 94 95
97 87 65
54 12 86
92 55 47
23 7 3
68 85 59
66 96 69
84 95 42
59 96 91
58 85 42
6 33 77
93 28 75
32 14 83
94 41 86
43 54 4
15 40 98
43 89 76
79 46 84
37 3 58
34 29 29
10 38 38
49 79 11
84 30 23
36 98 27
98 4 46
43 72 63
18 28 91
56 61 7
80 94 17
16 53 10
11 60 98
100 89 79
16 10 4
15 100 82
95 29 87
89 42 1
44 52 32
71 52 15
34 85 73
85 12 5
74 24 4
36 98 30
42 58 87
44 65 58
79 7 62
89 21 73
49 73 97
76 41 73
91 96 80
91 41 56
0 54 4
30 86 56
52 39 2
36 93 63
60 81 83
11 69 57
67 45 84
86 33 83
75 83 75
82 20 52
4 47 5
31 9 91
33 44 96
15 81 62
55 93 15
100 54 94
8 64 34
21 52 78
100 18 7
13 47 81
58 27 76
52 20 71
73 93 3
41 20 71
45 19 56
16 81 80
98 85 64
31 86 25
67 7 97
77 21 90
79 67 41
22 20 89
35 55 45
0 44 99
53 90 67
46 18 82
42 67 86
82 89 7
57 10 21
75 76 37
89 80 24
83 77 15
62 48 83
4 80 61
75 96 31
29 16 45
57 87 8
84 75 56
51 72 5
75 23 60
0 2 42
46 13 67
90 69 64
14 78 60
46 65 73
71 35 27
21 81 30
52 23 15
60 38 13
17 37 79
86 98 75
15 12 1
22 41 17
18 75 8
80 66 44
27 23 72
82 65 54
32 10 75
44 26 6
3 89 85
99 13 4
85 84 21
38 3 52
44 35 57
14 30 25
51 57 31
73 67 79
11 78 3
89 11 13
98 96 13
52 37 89
87 81 48
30 9 85
55 65 61
82 19 81
17 24 45
22 28 37
53 3 4
4 1 83
1 95 53
82 87 30
67 10 77
84 24 17
97 76 47
62 90 75
33 56 65
76 77 73
35 29 87
58 20 22
90 77 46
7 72 10
53 85 73
95 88 7
19 32 69
29 2 60
54 98 4
72 40 83
11 10 80
65 81 74
70 91 100
70 59 36
35 72 76
14 84 31
56 87 92
60 52 78
24 66 29
13 94 70
18 56 55
34 26 6
24 89 95
81 40 43
19 15 33
19 23 85
2 48 25
66 75 25
62 46 8
16 15 64
45 58 33
75 30 25
69 74 98
97 40 88
35 71 80
28 58 46
33 20 79
8 44 91
61 95 87
58 16 65
26 54 1
49 47 74
82 47 30
38 18 74
4 90 64
96 23 79
75 12 4
79 91 11
41 85 26
28 14 70
61 18 70
2 77 57
97 81 53
69 96 3
99 99 99
0 57 27
90 70 34
58 90 100
15 48 19
63 39 40
23 74 80
54 73 68
56 6 32
18 75 3
72 98 89
97 44 60
15 19 12
74 27 60
87 66 72
33 17 14
52 90 42
57 52 31
100 84 31
31 15 100
3 40 45
41 35 64
28 96 15
84 1 80
71 8 8
28 95 98
55 98 32
22 84 76
70 70 72
7 83 47
63 73 6
48 21 33
76 21 60
59 43 87
63 75 34
79 6 30
99 92 60
85 67 94
6 10 20
33 36 11
35 68 35
46 69 58
54 13 86
36 17 39
77 75 10
54 28 35
56 22 38
28 74 83
18 13 17
12 65 66
88 40 84
60 86 100
10 55 4
7 52 33
21 88 44
26 20 90
30 41 28
60 24 94
46 71 15
92 31 9
55 94 1
5 74 9
58 86 97
54 86 32
7 84 93
54 69 77
51 46 69
30 94 18
43 58 83
75 18 61
16 12 2
19 7 99
16 5 23
23 1 19
17 43 82
87 37 39
44 4 23
4 99 34
1 22 6
91 74 34
94 24 53
8 34 45
97 96 54
87 37 36
74 29 63
47 53 21
97 83 99
9 67 98
84 74 99
82 42 37
17 6 40
70 25 2
35 64 17
47 27 41
12 98 95
99 61 22
37 33 18
47 25 9
26 26 94
89 74 71
22 61 99
51 65 58
0 68 90
18 22 25
10 33 33
68 88 23
58 12 24
79 70 92
38 73 58
67 73 45
43 41 16
22 89 58
52 58 41
47 52 75
54 7 5
15 27 85
67 23 25
29 11 42
100 61 33
91 9 77
98 29 77
2 86 38
60 87 90
10 34 82
54 99 95
73 32 97
90 14 81
84 98 25
21 60 67
95 59 36
25 63 58
52 27 39
38 4 40
24 57 9
74 92 31
64 25 83
34 64 3
91 63 85
39 81 80
66 69 9
59 30 79
58 36 22
29 23 13
2 35 88
34 59 57
81 69 83
43 30 26
58 99 46
65 77 76
94 53 82
52 79 8
95 44 79
73 41 26
53 70 66
34 72 75
32 71 93
24 29 11
93 40 71
44 68 69
98 22 42
94 7 87
73 4 82
47 85 3
7 29 92
41 48 10
83 45 78
39 5 87
17 42 4
58 63 62
76 9 32
96 28 17
60 2 68
76 82 99
76 10 62
44 19 7
70 93 6
16 58 27
34 5 87
92 82 14
41 62 75
60 4 61
15 73 20
93 79 38
19 78 93
12 83 57
77 41 62
87 93 35
64 85 30
31 57 62
75 91 13
75 28 25
49 18 95
14 19 22
77 23 24
20 2 14
63 90 6
5 85 97
81 38 43
30 44 90
70 42 40
1 87 71
71 59 9
8 2 87
81 79 13
82 24 95
50 22 86
44 27 57
54 84 33
31 30 58
63 74 95
52 33 14
85 70 9
15 74 4
17 8 18
97 70 4
62 86 17
66 98 21
69 18 21
4 62 87
42 67 14
61 34 14
84 79 77
20 98 70
20 46 39
85 93 63
31 20 6
18 89 10
78 92 39
2 47 93
19 32 19
8 13 21
60 100 78
95 21 59
20 73 91
33 29 79
29 37 5
92 80 87
93 91 57
31 40 41
4 86 31
40 9 35
53 52 65
38 92 85
7 25 48
72 15 93
38 4 1
83 21 71
27 97 67
75 31 59
100 89 96
6 23 99
67 89 59
13 55 55
20 60 5
21 63 84
27 6 1
21 17 22
96 10 58
82 98 10
57 75 37
93 37 34
45 38 11
13 64 55
30 5 55
49 78 52
80 70 89
63 5 13
38 91 22
42 73 40
89 41 20
10 87 38
66 89 30
6 37 12
34 10 100
8 90 85
86 14 22
45 70 62
96 97 9
59 82 94
74 76 22
7 56 41
68 23 60
2 32 95
61 11 30
70 88 73
44 31 91
72 53 57
41 12 92
33 18 17
76 85 40
55 80 45
85 7 21
21 1 14
52 91 16
86 7 52
42 13 34
86 67 92
17 26 74
32 60 75
64 38 29
76 47 70
73 9 85
97 48 53
53 5 47
52 60 75
86 22 44
11 97 8
24 64 84
31 10 68
83 12 56
47 32 85
9 67 78
13 82 4
91 88 3
18 66 28
28 95 81
48 59 23
12 100 82
69 82 83
100 35 40
87 20 40
6 45 79
6 68 91
38 31 43
49 35 2
87 12 14
77 18 99
55 36 81
38 87 35
34 44 71
87 22 56
4 78 15
35 16 42
19 54 59
23 24 41
5 47 9
28 46 55
63 53 74
67 48 15
81 13 32
79 6 20
23 100 5
38 6 39
1 87 21
70 67 75
90 93 62
98 83 39
92 38 94
56 65 95
20 56 69
17 81 100
34 67 6
56 44 57
23 60 91
80 22 42
3 22 39
35 8 16
23 3 100
53 61 85
94 30 67
36 61 83
30 15 68
17 46 54
77 46 25
22 64 65
78 56 13
52 72 19
65 48 46
12 8 16
14 58 26
21 6 39
19 95 1
19 38 41
0 34 29
2 76 15
68 31 60
2 57 53
94 11 37
8 87 8
79 94 60
100 64 45
33 12 86
34 98 65
88 55 34
32 98 7
12 72 15
49 22 17
35 55 63
85 85 34
51 26 61
44 60 67
67 56 15
0 10 42
19 8 1
8 61 41
63 4 15
11 45 87
40 32 40
25 54 15
12 55 55
23 21 97
53 48 15
2 93 86
69 11 77
42 63 85
28 81 52
99 70 27
54 6 54
